The transition matrix is : 
0.5700	0.0000	0.1000	0.0000	0.0000	0.0400	0.0000	0.0000	
0.1400	0.3100	0.0000	0.5000	0.1300	0.1300	0.3300	0.0600	
0.0000	0.0800	0.4000	0.2500	0.2500	0.0000	0.6700	0.0000	
0.0000	0.1500	0.0000	0.0000	0.0000	0.0800	0.0000	0.0000	
0.0000	0.1500	0.3000	0.0000	0.0000	0.1300	0.0000	0.0000	
0.2900	0.3100	0.2000	0.0000	0.2500	0.2900	0.0000	0.3900	
0.0000	0.0000	0.0000	0.0000	0.3800	0.0000	0.0000	0.0000	
0.0000	0.0000	0.0000	0.2500	0.0000	0.3300	0.0000	0.5600	
The iteration with least entropy is No. 1 with entropy: 1.8811
This iteration used N = 11 BNs
The probabilities and corresponding BNs are : 

No. 1 weights = 0.3100
Boolean Matrix = :
1 0 0 0 0 0 0 0 
0 1 0 1 0 0 1 0 
0 0 1 0 0 0 0 0 
0 0 0 0 0 0 0 0 
0 0 0 0 0 0 0 0 
0 0 0 0 0 0 0 1 
0 0 0 0 1 0 0 0 
0 0 0 0 0 1 0 0 

No. 2 weights = 0.2500
Boolean Matrix = :
1 0 0 0 0 0 0 0 
0 0 0 0 0 0 0 0 
0 0 0 1 1 0 1 0 
0 0 0 0 0 0 0 0 
0 0 1 0 0 0 0 0 
0 1 0 0 0 1 0 0 
0 0 0 0 0 0 0 0 
0 0 0 0 0 0 0 1 

No. 3 weights = 0.1300
Boolean Matrix = :
0 0 0 0 0 0 0 0 
1 0 0 1 1 1 0 0 
0 0 0 0 0 0 1 0 
0 1 0 0 0 0 0 0 
0 0 0 0 0 0 0 0 
0 0 1 0 0 0 0 0 
0 0 0 0 0 0 0 0 
0 0 0 0 0 0 0 1 

No. 4 weights = 0.1000
Boolean Matrix = :
0 0 1 0 0 0 0 0 
0 0 0 0 0 0 0 0 
0 0 0 0 0 0 1 0 
0 0 0 0 0 0 0 0 
0 1 0 0 0 1 0 0 
1 0 0 0 1 0 0 0 
0 0 0 0 0 0 0 0 
0 0 0 1 0 0 0 1 

No. 5 weights = 0.0800
Boolean Matrix = :
0 0 0 0 0 0 0 0 
0 0 0 0 0 0 0 0 
0 1 1 0 0 0 1 0 
0 0 0 0 0 1 0 0 
0 0 0 0 0 0 0 0 
1 0 0 0 1 0 0 1 
0 0 0 0 0 0 0 0 
0 0 0 1 0 0 0 0 

No. 6 weights = 0.0400
Boolean Matrix = :
0 0 0 0 0 1 0 0 
0 0 0 1 0 0 0 1 
0 0 0 0 0 0 1 0 
0 0 0 0 0 0 0 0 
0 1 1 0 0 0 0 0 
1 0 0 0 1 0 0 0 
0 0 0 0 0 0 0 0 
0 0 0 0 0 0 0 0 

No. 7 weights = 0.0400
Boolean Matrix = :
0 0 0 0 0 0 0 0 
0 0 0 0 0 0 0 0 
0 0 0 0 0 0 1 0 
0 0 0 0 0 0 0 0 
0 0 0 0 0 0 0 0 
1 1 1 0 0 1 0 0 
0 0 0 0 1 0 0 0 
0 0 0 1 0 0 0 1 

No. 8 weights = 0.0200
Boolean Matrix = :
0 0 0 0 0 0 0 0 
0 0 0 0 0 0 1 0 
0 0 0 0 0 0 0 0 
0 0 0 0 0 0 0 0 
0 0 0 0 0 0 0 0 
1 1 1 0 1 0 0 0 
0 0 0 0 0 0 0 0 
0 0 0 1 0 1 0 1 

No. 9 weights = 0.0100
Boolean Matrix = :
0 0 0 0 0 0 0 0 
1 0 0 1 0 0 0 1 
0 0 0 0 0 0 1 0 
0 1 0 0 0 0 0 0 
0 0 0 0 0 1 0 0 
0 0 1 0 0 0 0 0 
0 0 0 0 1 0 0 0 
0 0 0 0 0 0 0 0 

No. 10 weights = 0.0100
Boolean Matrix = :
0 0 0 0 0 0 0 0 
0 0 0 1 0 0 0 1 
0 0 0 0 0 0 1 0 
0 1 0 0 0 0 0 0 
0 0 1 0 0 1 0 0 
1 0 0 0 0 0 0 0 
0 0 0 0 1 0 0 0 
0 0 0 0 0 0 0 0 

No. 11 weights = 0.0100
Boolean Matrix = :
1 0 0 0 0 0 0 0 
0 0 0 0 0 0 0 0 
0 0 1 0 0 0 1 0 
0 0 0 0 0 0 0 0 
0 1 0 0 0 1 0 0 
0 0 0 0 1 0 0 0 
0 0 0 0 0 0 0 0 
0 0 0 1 0 0 0 1 
