The transition matrix is : 
0.1250	0.3333	0.1111	0.0000	0.1250	0.0769	0.0000	0.0714	
0.2500	0.0000	0.0000	0.0000	0.0417	0.0000	0.0000	0.0000	
0.1250	0.0000	0.2222	0.5000	0.0000	0.0769	0.2308	0.0000	
0.0000	0.0000	0.2222	0.0000	0.0000	0.0000	0.0769	0.0714	
0.3750	0.6667	0.2222	0.0000	0.3333	0.3077	0.3077	0.0714	
0.0000	0.0000	0.1111	0.0000	0.2083	0.0769	0.1538	0.2857	
0.0000	0.0000	0.1111	0.2500	0.2500	0.2308	0.0000	0.1429	
0.1250	0.0000	0.0000	0.2500	0.0417	0.2308	0.2308	0.3571	
The iteration with least entropy is No. 1 with entropy: 2.2191
This iteration used N = 20 BNs
The probabilities and corresponding BNs are : 

No. 1 weights = 0.2222
Boolean Matrix = :
0 0 0 0 0 0 0 0 
0 0 0 0 0 0 0 0 
0 0 1 1 0 0 0 0 
0 0 0 0 0 0 0 0 
1 1 0 0 1 1 1 0 
0 0 0 0 0 0 0 0 
0 0 0 0 0 0 0 0 
0 0 0 0 0 0 0 1 

No. 2 weights = 0.2222
Boolean Matrix = :
0 0 0 0 0 0 0 0 
1 0 0 0 0 0 0 0 
0 0 0 1 0 0 1 0 
0 0 1 0 0 0 0 0 
0 1 0 0 0 0 0 0 
0 0 0 0 0 0 0 1 
0 0 0 0 1 1 0 0 
0 0 0 0 0 0 0 0 

No. 3 weights = 0.1429
Boolean Matrix = :
0 1 0 0 0 0 0 0 
0 0 0 0 0 0 0 0 
0 0 0 0 0 0 0 0 
0 0 0 0 0 0 0 0 
1 0 1 0 0 0 0 0 
0 0 0 0 1 0 0 0 
0 0 0 1 0 0 0 1 
0 0 0 0 0 1 1 0 

No. 4 weights = 0.0879
Boolean Matrix = :
1 0 1 0 1 0 0 0 
0 0 0 0 0 0 0 0 
0 0 0 0 0 0 0 0 
0 0 0 0 0 0 0 0 
0 1 0 0 0 0 0 0 
0 0 0 0 0 0 1 0 
0 0 0 0 0 0 0 0 
0 0 0 1 0 1 0 1 

No. 5 weights = 0.0714
Boolean Matrix = :
0 1 0 0 0 0 0 1 
0 0 0 0 0 0 0 0 
1 0 0 0 0 0 0 0 
0 0 0 0 0 0 0 0 
0 0 0 0 1 1 0 0 
0 0 1 0 0 0 0 0 
0 0 0 0 0 0 0 0 
0 0 0 1 0 0 1 0 

No. 6 weights = 0.0654
Boolean Matrix = :
0 0 0 0 0 1 0 0 
0 0 0 0 0 0 0 0 
0 0 0 0 0 0 0 0 
0 0 0 0 0 0 0 1 
0 1 0 0 0 0 1 0 
0 0 0 0 1 0 0 0 
0 0 1 1 0 0 0 0 
1 0 0 0 0 0 0 0 

No. 7 weights = 0.0417
Boolean Matrix = :
0 1 0 0 0 0 0 0 
0 0 0 0 1 0 0 0 
0 0 0 0 0 1 0 0 
0 0 0 0 0 0 1 0 
0 0 1 0 0 0 0 1 
0 0 0 0 0 0 0 0 
0 0 0 0 0 0 0 0 
1 0 0 1 0 0 0 0 

No. 8 weights = 0.0417
Boolean Matrix = :
0 1 0 0 0 0 0 0 
0 0 0 0 0 0 0 0 
1 0 0 1 0 0 0 0 
0 0 0 0 0 0 0 0 
0 0 0 0 0 0 0 0 
0 0 0 0 0 1 1 1 
0 0 1 0 0 0 0 0 
0 0 0 0 1 0 0 0 

No. 9 weights = 0.0352
Boolean Matrix = :
1 0 0 0 0 0 0 0 
0 0 0 0 0 0 0 0 
0 0 0 0 0 1 0 0 
0 0 0 0 0 0 1 0 
0 1 0 0 1 0 0 0 
0 0 1 0 0 0 0 0 
0 0 0 0 0 0 0 0 
0 0 0 1 0 0 0 1 

No. 10 weights = 0.0242
Boolean Matrix = :
0 1 0 0 1 0 0 0 
1 0 0 0 0 0 0 0 
0 0 0 0 0 0 0 0 
0 0 0 0 0 0 0 0 
0 0 1 0 0 0 0 1 
0 0 0 0 0 1 1 0 
0 0 0 1 0 0 0 0 
0 0 0 0 0 0 0 0 

No. 11 weights = 0.0141
Boolean Matrix = :
0 0 1 0 0 0 0 0 
0 0 0 0 0 0 0 0 
0 0 0 0 0 0 0 0 
0 0 0 0 0 0 0 0 
0 1 0 0 0 1 1 0 
0 0 0 0 0 0 0 1 
0 0 0 1 1 0 0 0 
1 0 0 0 0 0 0 0 

No. 12 weights = 0.0115
Boolean Matrix = :
0 0 0 0 0 1 0 0 
0 0 0 0 0 0 0 0 
1 0 0 1 0 0 0 0 
0 0 0 0 0 0 0 0 
0 1 1 0 0 0 0 0 
0 0 0 0 0 0 0 0 
0 0 0 0 1 0 0 0 
0 0 0 0 0 0 1 1 

No. 13 weights = 0.0077
Boolean Matrix = :
0 1 1 0 1 0 0 0 
0 0 0 0 0 0 0 0 
0 0 0 0 0 0 1 0 
0 0 0 0 0 0 0 0 
1 0 0 0 0 0 0 0 
0 0 0 0 0 1 0 1 
0 0 0 0 0 0 0 0 
0 0 0 1 0 0 0 0 

No. 14 weights = 0.0038
Boolean Matrix = :
0 0 0 0 1 0 0 0 
0 0 0 0 0 0 0 0 
0 0 0 0 0 0 0 0 
0 0 0 0 0 0 0 1 
0 1 0 0 0 0 1 0 
0 0 1 0 0 0 0 0 
0 0 0 0 0 1 0 0 
1 0 0 1 0 0 0 0 

No. 15 weights = 0.0034
Boolean Matrix = :
0 0 0 0 0 0 0 0 
1 0 0 0 0 0 0 0 
0 0 0 0 0 0 0 0 
0 0 0 0 0 0 0 0 
0 1 0 0 1 0 0 1 
0 0 0 0 0 0 0 0 
0 0 1 1 0 1 0 0 
0 0 0 0 0 0 1 0 

No. 16 weights = 0.0019
Boolean Matrix = :
0 1 0 0 0 0 0 0 
0 0 0 0 0 0 0 0 
0 0 0 1 0 0 0 0 
0 0 0 0 0 0 0 1 
1 0 1 0 0 0 1 0 
0 0 0 0 0 1 0 0 
0 0 0 0 1 0 0 0 
0 0 0 0 0 0 0 0 

No. 17 weights = 0.0014
Boolean Matrix = :
1 1 1 0 1 0 0 0 
0 0 0 0 0 0 0 0 
0 0 0 0 0 0 0 0 
0 0 0 0 0 0 0 0 
0 0 0 0 0 0 0 1 
0 0 0 0 0 1 0 0 
0 0 0 0 0 0 0 0 
0 0 0 1 0 0 1 0 

No. 18 weights = 0.0005
Boolean Matrix = :
1 0 0 0 0 0 0 0 
0 0 0 0 0 0 0 0 
0 0 0 0 0 0 1 0 
0 0 0 0 0 0 0 0 
0 1 0 0 1 0 0 1 
0 0 1 0 0 0 0 0 
0 0 0 0 0 1 0 0 
0 0 0 1 0 0 0 0 

No. 19 weights = 0.0003
Boolean Matrix = :
0 0 0 0 0 0 0 0 
0 0 0 0 0 0 0 0 
1 0 0 1 0 0 1 0 
0 0 0 0 0 0 0 0 
0 1 0 0 1 0 0 0 
0 0 0 0 0 0 0 0 
0 0 1 0 0 1 0 0 
0 0 0 0 0 0 0 1 

No. 20 weights = 0.0003
Boolean Matrix = :
0 1 0 0 0 0 0 0 
0 0 0 0 0 0 0 0 
0 0 0 0 0 0 0 0 
0 0 0 0 0 0 0 1 
1 0 0 0 0 0 1 0 
0 0 0 0 0 0 0 0 
0 0 1 0 1 1 0 0 
0 0 0 1 0 0 0 0 
