The transition matrix is : 
0.2000	0.4286	0.4286	0.0000	0.0000	0.2000	0.0000	0.0455	
0.4000	0.0000	0.0000	0.0000	0.0625	0.2000	0.0476	0.0000	
0.0000	0.0000	0.0000	0.0000	0.3125	0.0000	0.0476	0.0455	
0.0000	0.0000	0.0000	1.0000	0.0000	0.0000	0.0000	0.0000	
0.2000	0.1429	0.4286	0.0000	0.2500	0.2000	0.2381	0.0000	
0.0000	0.1429	0.0000	0.0000	0.1250	0.0000	0.0952	0.0000	
0.1000	0.2857	0.0000	0.0000	0.2500	0.0000	0.2381	0.4091	
0.1000	0.0000	0.1429	0.0000	0.0000	0.4000	0.3333	0.5000	
The iteration with least entropy is No. 460 with entropy: 2.2617
This iteration used N = 21 BNs
The probabilities and corresponding BNs are : 

No. 1 weights = 0.1429
Boolean Matrix = :
1 1 0 0 0 1 0 0 
0 0 0 0 0 0 0 0 
0 0 0 0 1 0 0 0 
0 0 0 1 0 0 0 0 
0 0 0 0 0 0 1 0 
0 0 0 0 0 0 0 0 
0 0 0 0 0 0 0 0 
0 0 1 0 0 0 0 1 

No. 2 weights = 0.0476
Boolean Matrix = :
0 0 0 0 0 1 0 0 
0 0 0 0 0 0 0 0 
0 0 0 0 0 0 1 0 
0 0 0 1 0 0 0 0 
0 0 1 0 0 0 0 0 
0 0 0 0 1 0 0 0 
1 1 0 0 0 0 0 1 
0 0 0 0 0 0 0 0 

No. 3 weights = 0.0455
Boolean Matrix = :
0 1 0 0 0 0 0 0 
1 0 0 0 0 0 0 0 
0 0 0 0 0 0 0 1 
0 0 0 1 0 0 0 0 
0 0 1 0 1 0 0 0 
0 0 0 0 0 0 0 0 
0 0 0 0 0 0 0 0 
0 0 0 0 0 1 1 0 

No. 4 weights = 0.2381
Boolean Matrix = :
0 0 1 0 0 0 0 0 
1 0 0 0 0 0 0 0 
0 0 0 0 0 0 0 0 
0 0 0 1 0 0 0 0 
0 0 0 0 0 0 0 0 
0 0 0 0 0 0 0 0 
0 1 0 0 1 0 1 1 
0 0 0 0 0 1 0 0 

No. 5 weights = 0.2000
Boolean Matrix = :
0 1 0 0 0 0 0 0 
0 0 0 0 0 1 0 0 
0 0 0 0 0 0 0 0 
0 0 0 1 0 0 0 0 
1 0 1 0 1 0 0 0 
0 0 0 0 0 0 0 0 
0 0 0 0 0 0 0 0 
0 0 0 0 0 0 1 1 

No. 6 weights = 0.0878
Boolean Matrix = :
0 0 1 0 0 0 0 0 
1 0 0 0 0 0 0 0 
0 0 0 0 1 0 0 0 
0 0 0 1 0 0 0 0 
0 1 0 0 0 0 0 0 
0 0 0 0 0 0 0 0 
0 0 0 0 0 0 0 0 
0 0 0 0 0 1 1 1 

No. 7 weights = 0.0571
Boolean Matrix = :
1 0 1 0 0 0 0 0 
0 0 0 0 1 0 0 0 
0 0 0 0 0 0 0 0 
0 0 0 1 0 0 0 0 
0 0 0 0 0 1 0 0 
0 1 0 0 0 0 1 0 
0 0 0 0 0 0 0 0 
0 0 0 0 0 0 0 1 

No. 8 weights = 0.0045
Boolean Matrix = :
0 0 0 0 0 0 0 0 
0 0 0 0 0 0 1 0 
0 0 0 0 0 0 0 0 
0 0 0 1 0 0 0 0 
0 1 1 0 1 1 0 0 
0 0 0 0 0 0 0 0 
0 0 0 0 0 0 0 1 
1 0 0 0 0 0 0 0 

No. 9 weights = 0.0402
Boolean Matrix = :
0 1 0 0 0 0 0 0 
0 0 0 0 0 0 0 0 
0 0 0 0 0 0 0 0 
0 0 0 1 0 0 0 0 
0 0 1 0 0 1 1 0 
0 0 0 0 1 0 0 0 
0 0 0 0 0 0 0 1 
1 0 0 0 0 0 0 0 

No. 10 weights = 0.0550
Boolean Matrix = :
0 0 0 0 0 0 0 0 
0 0 0 0 0 0 0 0 
0 0 0 0 1 0 0 0 
0 0 0 1 0 0 0 0 
0 0 1 0 0 1 1 0 
0 1 0 0 0 0 0 0 
0 0 0 0 0 0 0 1 
1 0 0 0 0 0 0 0 

No. 11 weights = 0.0372
Boolean Matrix = :
0 0 1 0 0 0 0 1 
0 0 0 0 0 0 0 0 
0 0 0 0 0 0 0 0 
0 0 0 1 0 0 0 0 
0 1 0 0 0 1 0 0 
0 0 0 0 1 0 1 0 
1 0 0 0 0 0 0 0 
0 0 0 0 0 0 0 0 

No. 12 weights = 0.0152
Boolean Matrix = :
0 0 0 0 0 0 0 0 
0 0 0 0 0 0 1 0 
0 0 0 0 1 0 0 0 
0 0 0 1 0 0 0 0 
0 0 1 0 0 0 0 0 
0 1 0 0 0 0 0 0 
1 0 0 0 0 0 0 1 
0 0 0 0 0 1 0 0 

No. 13 weights = 0.0060
Boolean Matrix = :
0 0 0 0 0 0 0 0 
1 0 0 0 0 0 1 0 
0 0 0 0 1 0 0 0 
0 0 0 1 0 0 0 0 
0 1 1 0 0 1 0 0 
0 0 0 0 0 0 0 0 
0 0 0 0 0 0 0 1 
0 0 0 0 0 0 0 0 

No. 14 weights = 0.0054
Boolean Matrix = :
0 0 0 0 0 1 0 0 
1 0 0 0 1 0 1 0 
0 0 0 0 0 0 0 0 
0 0 0 1 0 0 0 0 
0 0 1 0 0 0 0 0 
0 1 0 0 0 0 0 0 
0 0 0 0 0 0 0 0 
0 0 0 0 0 0 0 1 

No. 15 weights = 0.0056
Boolean Matrix = :
0 0 1 0 0 0 0 0 
1 0 0 0 0 0 1 0 
0 0 0 0 1 0 0 0 
0 0 0 1 0 0 0 0 
0 0 0 0 0 0 0 0 
0 1 0 0 0 0 0 0 
0 0 0 0 0 0 0 0 
0 0 0 0 0 1 0 1 

No. 16 weights = 0.0025
Boolean Matrix = :
0 0 0 0 0 0 0 0 
1 0 0 0 0 0 1 0 
0 0 0 0 0 0 0 0 
0 0 0 1 0 0 0 0 
0 0 1 0 0 0 0 0 
0 1 0 0 0 0 0 0 
0 0 0 0 1 0 0 1 
0 0 0 0 0 1 0 0 

No. 17 weights = 0.0041
Boolean Matrix = :
0 0 0 0 0 1 0 1 
1 0 0 0 0 0 1 0 
0 0 0 0 0 0 0 0 
0 0 0 1 0 0 0 0 
0 1 1 0 0 0 0 0 
0 0 0 0 0 0 0 0 
0 0 0 0 1 0 0 0 
0 0 0 0 0 0 0 0 

No. 18 weights = 0.0021
Boolean Matrix = :
0 0 1 0 0 0 0 1 
1 0 0 0 0 0 1 0 
0 0 0 0 0 0 0 0 
0 0 0 1 0 0 0 0 
0 0 0 0 0 0 0 0 
0 1 0 0 0 0 0 0 
0 0 0 0 1 0 0 0 
0 0 0 0 0 1 0 0 

No. 19 weights = 0.0007
Boolean Matrix = :
0 0 1 0 0 0 0 1 
1 0 0 0 0 0 0 0 
0 0 0 0 0 0 0 0 
0 0 0 1 0 0 0 0 
0 1 0 0 0 0 0 0 
0 0 0 0 0 0 1 0 
0 0 0 0 1 0 0 0 
0 0 0 0 0 1 0 0 

No. 20 weights = 0.0014
Boolean Matrix = :
0 0 0 0 0 0 0 1 
1 0 0 0 0 0 1 0 
0 0 0 0 0 0 0 0 
0 0 0 1 0 0 0 0 
0 1 1 0 0 0 0 0 
0 0 0 0 0 0 0 0 
0 0 0 0 1 0 0 0 
0 0 0 0 0 1 0 0 

No. 21 weights = 0.0008
Boolean Matrix = :
0 0 0 0 0 0 0 0 
1 0 0 0 0 0 1 0 
0 0 0 0 0 0 0 0 
0 0 0 1 0 0 0 0 
0 1 1 0 0 0 0 0 
0 0 0 0 0 0 0 0 
0 0 0 0 1 0 0 0 
0 0 0 0 0 1 0 1 
