The transition matrix is : 
0.2000	0.4286	0.4286	0.0000	0.0000	0.2000	0.0000	0.0455	
0.4000	0.0000	0.0000	0.0000	0.0625	0.2000	0.0476	0.0000	
0.0000	0.0000	0.0000	0.0000	0.3125	0.0000	0.0476	0.0455	
0.0000	0.0000	0.0000	1.0000	0.0000	0.0000	0.0000	0.0000	
0.2000	0.1429	0.4286	0.0000	0.2500	0.2000	0.2381	0.0000	
0.0000	0.1429	0.0000	0.0000	0.1250	0.0000	0.0952	0.0000	
0.1000	0.2857	0.0000	0.0000	0.2500	0.0000	0.2381	0.4091	
0.1000	0.0000	0.1429	0.0000	0.0000	0.4000	0.3333	0.5000	
The iteration with least entropy is No. 348 with entropy: 1.9950
This iteration used N = 18 BNs
The probabilities and corresponding BNs are : 

No. 1 weights = 0.3125
Boolean Matrix = :
0 1 1 0 0 0 0 0 
1 0 0 0 0 0 0 0 
0 0 0 0 1 0 0 0 
0 0 0 1 0 0 0 0 
0 0 0 0 0 0 0 0 
0 0 0 0 0 0 0 0 
0 0 0 0 0 0 0 0 
0 0 0 0 0 1 1 1 

No. 2 weights = 0.2000
Boolean Matrix = :
1 0 0 0 0 1 0 0 
0 0 0 0 0 0 0 0 
0 0 0 0 0 0 0 0 
0 0 0 1 0 0 0 0 
0 0 1 0 1 0 1 0 
0 0 0 0 0 0 0 0 
0 1 0 0 0 0 0 1 
0 0 0 0 0 0 0 0 

No. 3 weights = 0.0875
Boolean Matrix = :
0 0 0 0 0 0 0 0 
1 0 0 0 0 0 0 0 
0 0 0 0 0 0 0 0 
0 0 0 1 0 0 0 0 
0 1 1 0 0 1 0 0 
0 0 0 0 0 0 0 0 
0 0 0 0 1 0 1 0 
0 0 0 0 0 0 0 1 

No. 4 weights = 0.1429
Boolean Matrix = :
0 0 0 0 0 0 0 0 
0 0 0 0 0 1 0 0 
0 0 0 0 0 0 0 0 
0 0 0 1 0 0 0 0 
1 0 0 0 0 0 0 0 
0 1 0 0 0 0 0 0 
0 0 0 0 1 0 1 1 
0 0 1 0 0 0 0 0 

No. 5 weights = 0.0952
Boolean Matrix = :
0 1 0 0 0 0 0 0 
0 0 0 0 0 0 0 0 
0 0 0 0 0 0 0 0 
0 0 0 1 0 0 0 0 
0 0 1 0 0 1 0 0 
0 0 0 0 1 0 1 0 
1 0 0 0 0 0 0 0 
0 0 0 0 0 0 0 1 

No. 6 weights = 0.0476
Boolean Matrix = :
0 0 1 0 0 0 0 0 
0 0 0 0 1 1 0 0 
0 0 0 0 0 0 1 0 
0 0 0 1 0 0 0 0 
1 0 0 0 0 0 0 0 
0 0 0 0 0 0 0 0 
0 1 0 0 0 0 0 1 
0 0 0 0 0 0 0 0 

No. 7 weights = 0.0381
Boolean Matrix = :
0 0 1 0 0 0 0 1 
0 0 0 0 0 0 0 0 
0 0 0 0 0 0 0 0 
0 0 0 1 0 0 0 0 
0 1 0 0 1 0 1 0 
0 0 0 0 0 0 0 0 
0 0 0 0 0 0 0 0 
1 0 0 0 0 1 0 0 

No. 8 weights = 0.0298
Boolean Matrix = :
0 0 1 0 0 0 0 0 
0 0 0 0 0 0 1 0 
0 0 0 0 0 0 0 1 
0 0 0 1 0 0 0 0 
0 0 0 0 0 0 0 0 
0 0 0 0 1 0 0 0 
0 1 0 0 0 0 0 0 
1 0 0 0 0 1 0 0 

No. 9 weights = 0.0157
Boolean Matrix = :
0 1 0 0 0 0 0 0 
0 0 0 0 0 0 1 0 
0 0 0 0 0 0 0 1 
0 0 0 1 0 0 0 0 
0 0 1 0 0 1 0 0 
0 0 0 0 0 0 0 0 
0 0 0 0 1 0 0 0 
1 0 0 0 0 0 0 0 

No. 10 weights = 0.0149
Boolean Matrix = :
0 0 0 0 0 0 0 0 
0 0 0 0 1 0 0 0 
0 0 0 0 0 0 0 0 
0 0 0 1 0 0 0 0 
0 1 1 0 0 0 0 0 
0 0 0 0 0 0 0 0 
0 0 0 0 0 0 0 1 
1 0 0 0 0 1 1 0 

No. 11 weights = 0.0037
Boolean Matrix = :
0 0 0 0 0 0 0 0 
0 0 0 0 0 1 0 0 
0 0 0 0 0 0 0 0 
0 0 0 1 0 0 0 0 
1 0 1 0 1 0 0 0 
0 0 0 0 0 0 0 0 
0 1 0 0 0 0 1 1 
0 0 0 0 0 0 0 0 

No. 12 weights = 0.0039
Boolean Matrix = :
0 1 0 0 0 0 0 1 
0 0 0 0 0 1 0 0 
0 0 0 0 0 0 0 0 
0 0 0 1 0 0 0 0 
0 0 1 0 0 0 0 0 
0 0 0 0 0 0 0 0 
1 0 0 0 1 0 1 0 
0 0 0 0 0 0 0 0 

No. 13 weights = 0.0035
Boolean Matrix = :
0 0 0 0 0 0 0 1 
0 0 0 0 0 0 0 0 
0 0 0 0 0 0 0 0 
0 0 0 1 0 0 0 0 
1 0 1 0 1 0 0 0 
0 0 0 0 0 0 0 0 
0 1 0 0 0 0 0 0 
0 0 0 0 0 1 1 0 

No. 14 weights = 0.0019
Boolean Matrix = :
0 0 0 0 0 0 0 0 
0 0 0 0 0 1 0 0 
0 0 0 0 0 0 0 0 
0 0 0 1 0 0 0 0 
1 1 1 0 1 0 0 0 
0 0 0 0 0 0 0 0 
0 0 0 0 0 0 0 0 
0 0 0 0 0 0 1 1 

No. 15 weights = 0.0013
Boolean Matrix = :
0 1 0 0 0 0 0 0 
0 0 0 0 0 0 1 0 
0 0 0 0 0 0 0 0 
0 0 0 1 0 0 0 0 
0 0 1 0 1 1 0 0 
0 0 0 0 0 0 0 0 
0 0 0 0 0 0 0 0 
1 0 0 0 0 0 0 1 

No. 16 weights = 0.0008
Boolean Matrix = :
0 0 0 0 0 0 0 0 
0 0 0 0 0 0 1 0 
0 0 0 0 0 0 0 0 
0 0 0 1 0 0 0 0 
0 0 1 0 1 0 0 0 
0 0 0 0 0 0 0 0 
1 1 0 0 0 0 0 0 
0 0 0 0 0 1 0 1 

No. 17 weights = 0.0003
Boolean Matrix = :
0 0 1 0 0 0 0 0 
0 0 0 0 0 0 0 0 
0 0 0 0 0 0 0 0 
0 0 0 1 0 0 0 0 
1 0 0 0 1 0 0 0 
0 0 0 0 0 0 0 0 
0 1 0 0 0 0 0 0 
0 0 0 0 0 1 1 1 

No. 18 weights = 0.0002
Boolean Matrix = :
0 0 1 0 0 0 0 0 
0 0 0 0 0 0 0 0 
0 0 0 0 0 0 0 0 
0 0 0 1 0 0 0 0 
0 1 0 0 1 1 0 0 
0 0 0 0 0 0 0 0 
0 0 0 0 0 0 0 0 
1 0 0 0 0 0 1 1 
