The transition matrix is : 
0.2857	0.3333	0.2222	0.0000	0.1667	0.0000	0.1000	0.0833	
0.2143	0.0000	0.1111	0.0000	0.0000	0.0000	0.1000	0.0000	
0.3571	0.3333	0.1111	0.4000	0.1667	0.0000	0.2000	0.0833	
0.0000	0.1667	0.1667	0.0000	0.0833	0.1667	0.1000	0.2500	
0.0714	0.1667	0.2222	0.0000	0.0833	0.5000	0.2000	0.0000	
0.0714	0.0000	0.0000	0.0000	0.2500	0.3333	0.0000	0.0000	
0.0000	0.0000	0.1111	0.3000	0.2500	0.0000	0.0000	0.1667	
0.0000	0.0000	0.0556	0.3000	0.0000	0.0000	0.3000	0.4167	
The iteration with least entropy is No. 1 with entropy: 2.1397
This iteration used N = 17 BNs
The probabilities and corresponding BNs are : 

No. 1 weights = 0.2222
Boolean Matrix = :
1 1 1 0 0 0 0 0 
0 0 0 0 0 0 0 0 
0 0 0 0 0 0 0 0 
0 0 0 0 0 0 0 1 
0 0 0 0 0 0 0 0 
0 0 0 0 1 1 0 0 
0 0 0 1 0 0 0 0 
0 0 0 0 0 0 1 0 

No. 2 weights = 0.2000
Boolean Matrix = :
0 0 0 0 0 0 0 0 
1 0 0 0 0 0 0 0 
0 1 0 0 0 0 1 0 
0 0 0 0 0 0 0 0 
0 0 1 0 0 1 0 0 
0 0 0 0 0 0 0 0 
0 0 0 0 1 0 0 0 
0 0 0 1 0 0 0 1 

No. 3 weights = 0.1667
Boolean Matrix = :
0 0 0 0 1 0 0 0 
0 0 0 0 0 0 0 0 
1 0 0 1 0 0 0 0 
0 1 1 0 0 1 0 0 
0 0 0 0 0 0 1 0 
0 0 0 0 0 0 0 0 
0 0 0 0 0 0 0 1 
0 0 0 0 0 0 0 0 

No. 4 weights = 0.1000
Boolean Matrix = :
0 1 0 0 0 0 1 0 
0 0 1 0 0 0 0 0 
1 0 0 1 1 0 0 0 
0 0 0 0 0 0 0 0 
0 0 0 0 0 0 0 0 
0 0 0 0 0 1 0 0 
0 0 0 0 0 0 0 0 
0 0 0 0 0 0 0 1 

No. 5 weights = 0.0833
Boolean Matrix = :
0 0 0 0 0 0 0 1 
0 0 0 0 0 0 1 0 
1 1 1 0 0 0 0 0 
0 0 0 0 1 0 0 0 
0 0 0 0 0 1 0 0 
0 0 0 0 0 0 0 0 
0 0 0 0 0 0 0 0 
0 0 0 1 0 0 0 0 

No. 6 weights = 0.0714
Boolean Matrix = :
0 0 0 0 0 0 0 0 
0 0 0 0 0 0 0 0 
0 0 0 0 0 0 0 1 
0 0 0 0 0 0 0 0 
1 1 0 0 1 1 0 0 
0 0 0 0 0 0 0 0 
0 0 1 1 0 0 0 0 
0 0 0 0 0 0 1 0 

No. 7 weights = 0.0556
Boolean Matrix = :
1 0 0 0 0 0 0 0 
0 0 0 0 0 0 0 0 
0 0 0 1 1 0 0 0 
0 0 0 0 0 0 1 0 
0 1 0 0 0 1 0 0 
0 0 0 0 0 0 0 0 
0 0 0 0 0 0 0 0 
0 0 1 0 0 0 0 1 

No. 8 weights = 0.0397
Boolean Matrix = :
0 0 0 0 0 0 0 0 
0 0 0 0 0 0 0 0 
0 1 0 1 0 0 0 0 
0 0 0 0 0 0 1 0 
0 0 0 0 0 1 0 0 
1 0 0 0 0 0 0 0 
0 0 1 0 1 0 0 0 
0 0 0 0 0 0 0 1 

No. 9 weights = 0.0278
Boolean Matrix = :
0 0 0 0 0 0 0 0 
0 0 0 0 0 0 0 0 
0 0 1 1 0 0 0 0 
0 0 0 0 0 0 0 1 
0 1 0 0 0 1 1 0 
1 0 0 0 1 0 0 0 
0 0 0 0 0 0 0 0 
0 0 0 0 0 0 0 0 

No. 10 weights = 0.0119
Boolean Matrix = :
0 0 0 0 0 0 0 0 
1 0 0 0 0 0 1 0 
0 0 0 0 0 0 0 1 
0 0 0 0 0 0 0 0 
0 1 1 0 1 1 0 0 
0 0 0 0 0 0 0 0 
0 0 0 0 0 0 0 0 
0 0 0 1 0 0 0 0 

No. 11 weights = 0.0064
Boolean Matrix = :
0 0 0 0 0 0 0 0 
0 0 0 0 0 0 0 0 
1 1 0 0 0 0 0 0 
0 0 0 0 0 0 0 0 
0 0 1 0 0 1 0 0 
0 0 0 0 0 0 0 0 
0 0 0 1 1 0 0 0 
0 0 0 0 0 0 1 1 

No. 12 weights = 0.0055
Boolean Matrix = :
1 1 0 0 0 0 0 0 
0 0 1 0 0 0 0 0 
0 0 0 1 1 0 0 0 
0 0 0 0 0 0 0 0 
0 0 0 0 0 0 1 0 
0 0 0 0 0 1 0 0 
0 0 0 0 0 0 0 0 
0 0 0 0 0 0 0 1 

No. 13 weights = 0.0039
Boolean Matrix = :
0 1 0 0 0 0 0 0 
0 0 0 0 0 0 0 0 
0 0 0 1 0 0 0 0 
0 0 0 0 0 0 1 0 
0 0 1 0 0 1 0 0 
1 0 0 0 0 0 0 0 
0 0 0 0 1 0 0 0 
0 0 0 0 0 0 0 1 

No. 14 weights = 0.0024
Boolean Matrix = :
0 0 0 0 0 0 0 0 
1 0 1 0 0 0 1 0 
0 1 0 0 1 0 0 0 
0 0 0 0 0 0 0 0 
0 0 0 0 0 0 0 0 
0 0 0 0 0 1 0 0 
0 0 0 0 0 0 0 0 
0 0 0 1 0 0 0 1 

No. 15 weights = 0.0017
Boolean Matrix = :
1 1 0 0 0 0 0 0 
0 0 1 0 0 0 1 0 
0 0 0 0 1 0 0 0 
0 0 0 0 0 0 0 0 
0 0 0 0 0 0 0 0 
0 0 0 0 0 1 0 0 
0 0 0 0 0 0 0 0 
0 0 0 1 0 0 0 1 

No. 16 weights = 0.0007
Boolean Matrix = :
1 0 0 0 0 0 0 0 
0 0 1 0 0 0 1 0 
0 1 0 0 1 0 0 0 
0 0 0 0 0 0 0 0 
0 0 0 0 0 0 0 0 
0 0 0 0 0 1 0 0 
0 0 0 0 0 0 0 0 
0 0 0 1 0 0 0 1 

No. 17 weights = 0.0007
Boolean Matrix = :
0 0 0 0 0 0 0 0 
0 0 1 0 0 0 0 0 
1 1 0 1 1 0 0 0 
0 0 0 0 0 0 1 0 
0 0 0 0 0 0 0 0 
0 0 0 0 0 1 0 0 
0 0 0 0 0 0 0 0 
0 0 0 0 0 0 0 1 
