The transition matrix is : 
0.2857	0.3333	0.2222	0.0000	0.1667	0.0000	0.1000	0.0833	
0.2143	0.0000	0.1111	0.0000	0.0000	0.0000	0.1000	0.0000	
0.3571	0.3333	0.1111	0.4000	0.1667	0.0000	0.2000	0.0833	
0.0000	0.1667	0.1667	0.0000	0.0833	0.1667	0.1000	0.2500	
0.0714	0.1667	0.2222	0.0000	0.0833	0.5000	0.2000	0.0000	
0.0714	0.0000	0.0000	0.0000	0.2500	0.3333	0.0000	0.0000	
0.0000	0.0000	0.1111	0.3000	0.2500	0.0000	0.0000	0.1667	
0.0000	0.0000	0.0556	0.3000	0.0000	0.0000	0.3000	0.4167	
The iteration with least entropy is No. 390 with entropy: 2.4709
This iteration used N = 26 BNs
The probabilities and corresponding BNs are : 

No. 1 weights = 0.1667
Boolean Matrix = :
1 0 0 0 1 0 0 0 
0 0 0 0 0 0 0 0 
0 0 0 1 0 0 0 0 
0 1 1 0 0 0 0 0 
0 0 0 0 0 1 1 0 
0 0 0 0 0 0 0 0 
0 0 0 0 0 0 0 1 
0 0 0 0 0 0 0 0 

No. 2 weights = 0.2222
Boolean Matrix = :
0 1 0 0 0 0 0 0 
0 0 0 0 0 0 0 0 
1 0 0 0 0 0 0 0 
0 0 0 0 0 0 0 0 
0 0 1 0 0 0 0 0 
0 0 0 0 1 1 0 0 
0 0 0 1 0 0 0 0 
0 0 0 0 0 0 1 1 

No. 3 weights = 0.0833
Boolean Matrix = :
0 0 1 0 0 0 1 0 
1 0 0 0 0 0 0 0 
0 0 0 0 0 0 0 0 
0 0 0 0 0 0 0 1 
0 1 0 0 1 1 0 0 
0 0 0 0 0 0 0 0 
0 0 0 0 0 0 0 0 
0 0 0 1 0 0 0 0 

No. 4 weights = 0.0714
Boolean Matrix = :
0 0 0 0 0 0 0 0 
0 0 0 0 0 0 0 0 
0 0 1 1 1 0 0 0 
0 0 0 0 0 1 1 1 
1 1 0 0 0 0 0 0 
0 0 0 0 0 0 0 0 
0 0 0 0 0 0 0 0 
0 0 0 0 0 0 0 0 

No. 5 weights = 0.0953
Boolean Matrix = :
0 1 0 0 0 0 0 0 
1 0 1 0 0 0 0 0 
0 0 0 1 0 0 1 0 
0 0 0 0 0 1 0 0 
0 0 0 0 0 0 0 0 
0 0 0 0 0 0 0 0 
0 0 0 0 1 0 0 0 
0 0 0 0 0 0 0 1 

No. 6 weights = 0.0953
Boolean Matrix = :
1 0 1 0 0 0 0 0 
0 0 0 0 0 0 0 0 
0 1 0 0 0 0 1 0 
0 0 0 0 0 0 0 1 
0 0 0 0 0 1 0 0 
0 0 0 0 0 0 0 0 
0 0 0 0 1 0 0 0 
0 0 0 1 0 0 0 0 

No. 7 weights = 0.0120
Boolean Matrix = :
1 0 0 0 0 0 0 0 
0 0 0 0 0 0 0 0 
0 0 0 0 0 0 0 0 
0 0 0 0 1 0 1 0 
0 1 0 0 0 1 0 0 
0 0 0 0 0 0 0 0 
0 0 1 1 0 0 0 0 
0 0 0 0 0 0 0 1 

No. 8 weights = 0.0117
Boolean Matrix = :
1 0 0 0 0 0 0 0 
0 0 0 0 0 0 0 0 
0 1 0 1 0 0 0 0 
0 0 0 0 0 0 0 0 
0 0 0 0 0 0 0 0 
0 0 0 0 0 1 0 0 
0 0 1 0 1 0 0 0 
0 0 0 0 0 0 1 1 

No. 9 weights = 0.0713
Boolean Matrix = :
0 0 0 0 0 0 0 0 
0 0 0 0 0 0 1 0 
1 1 0 0 0 0 0 0 
0 0 0 0 1 0 0 0 
0 0 0 0 0 1 0 0 
0 0 0 0 0 0 0 0 
0 0 1 0 0 0 0 0 
0 0 0 1 0 0 0 1 

No. 10 weights = 0.0278
Boolean Matrix = :
0 0 0 0 0 0 0 1 
0 0 0 0 0 0 0 0 
0 1 0 0 0 0 0 0 
0 0 0 0 0 0 0 0 
0 0 0 0 0 1 0 0 
1 0 0 0 1 0 0 0 
0 0 0 0 0 0 0 0 
0 0 1 1 0 0 1 0 

No. 11 weights = 0.0223
Boolean Matrix = :
0 0 0 0 0 0 0 0 
0 0 0 0 0 0 0 0 
0 1 0 0 1 0 0 1 
0 0 0 0 0 0 0 0 
0 0 0 0 0 0 1 0 
1 0 0 0 0 1 0 0 
0 0 0 0 0 0 0 0 
0 0 1 1 0 0 0 0 

No. 12 weights = 0.0287
Boolean Matrix = :
0 0 0 0 0 0 0 1 
0 0 0 0 0 0 1 0 
1 1 1 0 1 0 0 0 
0 0 0 0 0 0 0 0 
0 0 0 0 0 0 0 0 
0 0 0 0 0 1 0 0 
0 0 0 1 0 0 0 0 
0 0 0 0 0 0 0 0 

No. 13 weights = 0.0110
Boolean Matrix = :
0 0 0 0 0 0 0 0 
1 0 0 0 0 0 0 0 
0 1 1 1 1 0 0 1 
0 0 0 0 0 0 0 0 
0 0 0 0 0 1 0 0 
0 0 0 0 0 0 0 0 
0 0 0 0 0 0 0 0 
0 0 0 0 0 0 1 0 

No. 14 weights = 0.0273
Boolean Matrix = :
0 0 1 0 0 0 0 0 
0 0 0 0 0 0 0 0 
1 1 0 0 1 0 0 1 
0 0 0 0 0 0 0 0 
0 0 0 0 0 1 0 0 
0 0 0 0 0 0 0 0 
0 0 0 1 0 0 0 0 
0 0 0 0 0 0 1 0 

No. 15 weights = 0.0094
Boolean Matrix = :
0 0 0 0 0 0 0 1 
0 0 0 0 0 0 0 0 
0 1 0 1 0 0 1 0 
0 0 0 0 0 0 0 0 
0 0 0 0 0 0 0 0 
1 0 0 0 0 1 0 0 
0 0 1 0 1 0 0 0 
0 0 0 0 0 0 0 0 

No. 16 weights = 0.0158
Boolean Matrix = :
0 1 0 0 0 0 0 0 
1 0 1 0 0 0 0 0 
0 0 0 1 0 0 0 1 
0 0 0 0 0 0 1 0 
0 0 0 0 0 0 0 0 
0 0 0 0 0 1 0 0 
0 0 0 0 1 0 0 0 
0 0 0 0 0 0 0 0 

No. 17 weights = 0.0067
Boolean Matrix = :
0 0 0 0 0 0 0 1 
0 0 0 0 0 0 0 0 
0 1 0 1 0 0 0 0 
0 0 0 0 0 0 0 0 
0 0 0 0 0 0 1 0 
1 0 0 0 0 1 0 0 
0 0 1 0 1 0 0 0 
0 0 0 0 0 0 0 0 

No. 18 weights = 0.0043
Boolean Matrix = :
0 0 0 0 0 0 0 1 
1 0 0 0 0 0 0 0 
0 1 0 0 0 0 0 0 
0 0 0 0 0 0 0 0 
0 0 0 0 0 1 1 0 
0 0 0 0 0 0 0 0 
0 0 0 1 1 0 0 0 
0 0 1 0 0 0 0 0 

No. 19 weights = 0.0052
Boolean Matrix = :
0 0 1 0 0 0 1 0 
0 0 0 0 0 0 0 0 
0 1 0 1 0 0 0 1 
0 0 0 0 0 0 0 0 
0 0 0 0 0 0 0 0 
1 0 0 0 0 1 0 0 
0 0 0 0 1 0 0 0 
0 0 0 0 0 0 0 0 

No. 20 weights = 0.0042
Boolean Matrix = :
0 0 1 0 0 0 1 0 
0 0 0 0 0 0 0 0 
1 1 0 1 0 0 0 0 
0 0 0 0 0 0 0 0 
0 0 0 0 0 0 0 0 
0 0 0 0 0 1 0 0 
0 0 0 0 1 0 0 0 
0 0 0 0 0 0 0 1 

No. 21 weights = 0.0010
Boolean Matrix = :
0 0 1 0 0 0 1 1 
0 0 0 0 0 0 0 0 
1 1 0 1 1 0 0 0 
0 0 0 0 0 0 0 0 
0 0 0 0 0 1 0 0 
0 0 0 0 0 0 0 0 
0 0 0 0 0 0 0 0 
0 0 0 0 0 0 0 0 

No. 22 weights = 0.0024
Boolean Matrix = :
0 0 1 0 0 0 1 1 
0 0 0 0 0 0 0 0 
1 1 0 0 1 0 0 0 
0 0 0 0 0 0 0 0 
0 0 0 0 0 0 0 0 
0 0 0 0 0 1 0 0 
0 0 0 1 0 0 0 0 
0 0 0 0 0 0 0 0 

No. 23 weights = 0.0021
Boolean Matrix = :
0 0 1 0 0 0 1 1 
1 0 0 0 0 0 0 0 
0 1 0 0 0 0 0 0 
0 0 0 0 0 0 0 0 
0 0 0 0 0 0 0 0 
0 0 0 0 0 1 0 0 
0 0 0 1 1 0 0 0 
0 0 0 0 0 0 0 0 

No. 24 weights = 0.0008
Boolean Matrix = :
0 0 0 0 0 0 0 1 
1 0 0 0 0 0 0 0 
0 1 0 0 1 0 0 0 
0 0 0 0 0 0 1 0 
0 0 0 0 0 0 0 0 
0 0 0 0 0 1 0 0 
0 0 0 1 0 0 0 0 
0 0 1 0 0 0 0 0 

No. 25 weights = 0.0014
Boolean Matrix = :
0 0 1 0 0 0 1 0 
1 0 0 0 0 0 0 0 
0 1 0 1 1 0 0 1 
0 0 0 0 0 0 0 0 
0 0 0 0 0 0 0 0 
0 0 0 0 0 1 0 0 
0 0 0 0 0 0 0 0 
0 0 0 0 0 0 0 0 

No. 26 weights = 0.0001
Boolean Matrix = :
0 0 0 0 0 0 1 1 
1 0 0 0 0 0 0 0 
0 1 0 1 1 0 0 0 
0 0 0 0 0 0 0 0 
0 0 0 0 0 0 0 0 
0 0 0 0 0 1 0 0 
0 0 0 0 0 0 0 0 
0 0 1 0 0 0 0 0 
