The transition matrix is : 
0.0000	0.1009	0.7418	0.5535	0.0000	0.0000	0.0837	0.0000	
0.9171	0.0000	0.0000	0.0000	0.0000	0.0000	0.2761	0.1793	
0.0000	0.8991	0.0000	0.0000	0.3529	0.0000	0.0000	0.0000	
0.0000	0.0000	0.0980	0.0000	0.0000	0.1800	0.0000	0.0000	
0.0000	0.0000	0.0000	0.0000	0.6471	0.0000	0.6402	0.0000	
0.0000	0.0000	0.0000	0.4465	0.0000	0.0000	0.0000	0.5085	
0.0000	0.0000	0.1603	0.0000	0.0000	0.0000	0.0000	0.0000	
0.0829	0.0000	0.0000	0.0000	0.0000	0.8200	0.0000	0.3122	
The iteration with least entropy is No. 1 with entropy: 1.3495
This iteration used N = 10 BNs
The probabilities and corresponding BNs are : 

No. 1 weights = 0.5085
Boolean Matrix = :
0 0 1 1 0 0 0 0 
1 0 0 0 0 0 0 0 
0 1 0 0 0 0 0 0 
0 0 0 0 0 0 0 0 
0 0 0 0 1 0 1 0 
0 0 0 0 0 0 0 1 
0 0 0 0 0 0 0 0 
0 0 0 0 0 1 0 0 

No. 2 weights = 0.2333
Boolean Matrix = :
0 0 1 0 0 0 0 0 
1 0 0 0 0 0 1 0 
0 1 0 0 1 0 0 0 
0 0 0 0 0 0 0 0 
0 0 0 0 0 0 0 0 
0 0 0 1 0 0 0 0 
0 0 0 0 0 0 0 0 
0 0 0 0 0 1 0 1 

No. 3 weights = 0.1317
Boolean Matrix = :
0 0 0 0 0 0 0 0 
1 0 0 0 0 0 0 1 
0 1 0 0 0 0 0 0 
0 0 0 0 0 1 0 0 
0 0 0 0 1 0 1 0 
0 0 0 1 0 0 0 0 
0 0 1 0 0 0 0 0 
0 0 0 0 0 0 0 0 

No. 4 weights = 0.0782
Boolean Matrix = :
0 1 0 0 0 0 1 0 
0 0 0 0 0 0 0 0 
0 0 0 0 1 0 0 0 
0 0 1 0 0 0 0 0 
0 0 0 0 0 0 0 0 
0 0 0 1 0 0 0 0 
0 0 0 0 0 0 0 0 
1 0 0 0 0 1 0 1 

No. 5 weights = 0.0256
Boolean Matrix = :
0 0 0 1 0 0 0 0 
1 0 0 0 0 0 1 1 
0 1 0 0 1 0 0 0 
0 0 0 0 0 1 0 0 
0 0 0 0 0 0 0 0 
0 0 0 0 0 0 0 0 
0 0 1 0 0 0 0 0 
0 0 0 0 0 0 0 0 

No. 6 weights = 0.0158
Boolean Matrix = :
0 1 0 1 0 0 0 0 
1 0 0 0 0 0 1 1 
0 0 0 0 1 0 0 0 
0 0 1 0 0 1 0 0 
0 0 0 0 0 0 0 0 
0 0 0 0 0 0 0 0 
0 0 0 0 0 0 0 0 
0 0 0 0 0 0 0 0 

No. 7 weights = 0.0036
Boolean Matrix = :
0 1 0 1 0 0 1 0 
0 0 0 0 0 0 0 1 
0 0 0 0 0 0 0 0 
0 0 1 0 0 1 0 0 
0 0 0 0 1 0 0 0 
0 0 0 0 0 0 0 0 
0 0 0 0 0 0 0 0 
1 0 0 0 0 0 0 0 

No. 8 weights = 0.0019
Boolean Matrix = :
0 1 0 0 0 0 1 0 
1 0 0 0 0 0 0 1 
0 0 0 0 0 0 0 0 
0 0 0 0 0 1 0 0 
0 0 0 0 1 0 0 0 
0 0 0 1 0 0 0 0 
0 0 1 0 0 0 0 0 
0 0 0 0 0 0 0 0 

No. 9 weights = 0.0007
Boolean Matrix = :
0 1 0 0 0 0 0 0 
0 0 0 0 0 0 1 0 
0 0 0 0 0 0 0 0 
0 0 0 0 0 1 0 0 
0 0 0 0 1 0 0 0 
0 0 0 1 0 0 0 0 
0 0 1 0 0 0 0 0 
1 0 0 0 0 0 0 1 

No. 10 weights = 0.0004
Boolean Matrix = :
0 1 0 0 0 0 0 0 
0 0 0 0 0 0 1 1 
0 0 0 0 0 0 0 0 
0 0 0 0 0 1 0 0 
0 0 0 0 1 0 0 0 
0 0 0 1 0 0 0 0 
0 0 1 0 0 0 0 0 
1 0 0 0 0 0 0 0 
