The transition matrix is : 
0.0000	0.1009	0.7418	0.5535	0.0000	0.0000	0.0837	0.0000	
0.9171	0.0000	0.0000	0.0000	0.0000	0.0000	0.2761	0.1793	
0.0000	0.8991	0.0000	0.0000	0.3529	0.0000	0.0000	0.0000	
0.0000	0.0000	0.0980	0.0000	0.0000	0.1800	0.0000	0.0000	
0.0000	0.0000	0.0000	0.0000	0.6471	0.0000	0.6402	0.0000	
0.0000	0.0000	0.0000	0.4465	0.0000	0.0000	0.0000	0.5085	
0.0000	0.0000	0.1603	0.0000	0.0000	0.0000	0.0000	0.0000	
0.0829	0.0000	0.0000	0.0000	0.0000	0.8200	0.0000	0.3122	
The iteration with least entropy is No. 1 with entropy: 1.9760
This iteration used N = 11 BNs
The probabilities and corresponding BNs are : 

No. 1 weights = 0.3529
Boolean Matrix = :
0 0 1 1 0 0 0 0 
1 0 0 0 0 0 0 0 
0 1 0 0 1 0 0 0 
0 0 0 0 0 0 0 0 
0 0 0 0 0 0 1 0 
0 0 0 0 0 0 0 1 
0 0 0 0 0 0 0 0 
0 0 0 0 0 1 0 0 

No. 2 weights = 0.0829
Boolean Matrix = :
0 0 1 1 0 0 0 0 
0 0 0 0 0 0 0 0 
0 1 0 0 0 0 0 0 
0 0 0 0 0 1 0 0 
0 0 0 0 1 0 1 0 
0 0 0 0 0 0 0 1 
0 0 0 0 0 0 0 0 
1 0 0 0 0 0 0 0 

No. 3 weights = 0.1603
Boolean Matrix = :
0 0 0 0 0 0 0 0 
1 0 0 0 0 0 0 0 
0 1 0 0 0 0 0 0 
0 0 0 0 0 0 0 0 
0 0 0 0 1 0 1 0 
0 0 0 1 0 0 0 0 
0 0 1 0 0 0 0 0 
0 0 0 0 0 1 0 1 

No. 4 weights = 0.0980
Boolean Matrix = :
0 0 0 1 0 0 0 0 
1 0 0 0 0 0 1 1 
0 1 0 0 0 0 0 0 
0 0 1 0 0 0 0 0 
0 0 0 0 1 0 0 0 
0 0 0 0 0 0 0 0 
0 0 0 0 0 0 0 0 
0 0 0 0 0 1 0 0 

No. 5 weights = 0.0441
Boolean Matrix = :
0 0 1 0 0 0 0 0 
1 0 0 0 0 0 0 0 
0 1 0 0 0 0 0 0 
0 0 0 0 0 0 0 0 
0 0 0 0 1 0 1 0 
0 0 0 1 0 0 0 0 
0 0 0 0 0 0 0 0 
0 0 0 0 0 1 0 1 

No. 6 weights = 0.1078
Boolean Matrix = :
0 0 1 0 0 0 0 0 
1 0 0 0 0 0 1 0 
0 1 0 0 0 0 0 0 
0 0 0 0 0 0 0 0 
0 0 0 0 1 0 0 0 
0 0 0 1 0 0 0 0 
0 0 0 0 0 0 0 0 
0 0 0 0 0 1 0 1 

No. 7 weights = 0.0569
Boolean Matrix = :
0 1 1 0 0 0 0 0 
1 0 0 0 0 0 1 1 
0 0 0 0 0 0 0 0 
0 0 0 0 0 0 0 0 
0 0 0 0 1 0 0 0 
0 0 0 1 0 0 0 0 
0 0 0 0 0 0 0 0 
0 0 0 0 0 1 0 0 

No. 8 weights = 0.0531
Boolean Matrix = :
0 0 1 0 0 0 1 0 
1 0 0 0 0 0 0 0 
0 1 0 0 0 0 0 0 
0 0 0 0 0 1 0 0 
0 0 0 0 1 0 0 0 
0 0 0 1 0 0 0 1 
0 0 0 0 0 0 0 0 
0 0 0 0 0 0 0 0 

No. 9 weights = 0.0196
Boolean Matrix = :
0 1 1 1 0 0 1 0 
1 0 0 0 0 0 0 0 
0 0 0 0 0 0 0 0 
0 0 0 0 0 1 0 0 
0 0 0 0 1 0 0 0 
0 0 0 0 0 0 0 1 
0 0 0 0 0 0 0 0 
0 0 0 0 0 0 0 0 

No. 10 weights = 0.0134
Boolean Matrix = :
0 1 1 0 0 0 0 0 
1 0 0 0 0 0 1 1 
0 0 0 0 0 0 0 0 
0 0 0 0 0 1 0 0 
0 0 0 0 1 0 0 0 
0 0 0 1 0 0 0 0 
0 0 0 0 0 0 0 0 
0 0 0 0 0 0 0 0 

No. 11 weights = 0.0109
Boolean Matrix = :
0 1 1 0 0 0 1 0 
1 0 0 0 0 0 0 1 
0 0 0 0 0 0 0 0 
0 0 0 0 0 1 0 0 
0 0 0 0 1 0 0 0 
0 0 0 1 0 0 0 0 
0 0 0 0 0 0 0 0 
0 0 0 0 0 0 0 0 
